0.000401062
0.0601131
0.0961187
0.091578
0.0413632
-0.0466383
-0.154088
-0.257681
-0.335663
-0.373333
-0.366042
-0.319234
-0.245994
-0.163161
-0.0871767
-0.0306553
-0.00029524
0.00366865
-0.0133972
-0.0424096
-0.0729352
-0.0954826
-0.103283
-0.0933093
-0.0664805
-0.027115
0.0182068
0.0621613
0.0983116
0.122525
0.133857
0.134674
0.129947
0.125885
0.128208
0.140525
0.163203
0.193098
0.224208
0.249095
0.260683
0.253943
0.227015
0.18153
0.122081
0.0550522
-0.01281
-0.0756756
-0.129439
-0.171939
-0.202695
-0.222371
-0.232215
-0.233631
-0.227962
-0.216481
-0.200475
-0.181323
-0.160445
-0.139124
-0.118233
-0.0979984
-0.0778713
-0.0565767
-0.0323592
-0.00342711
0.0314418
0.0722422
0.117223
0.162741
0.203655
0.234261
0.249568
0.246541
0.224914
0.187292
0.138535
0.0846539
0.0315954
-0.0157388
-0.0540518
-0.0817829
-0.0989086
-0.10655
-0.106513
-0.10088
-0.0917114
-0.0808758
-0.0699355
-0.0600154
-0.0516174
-0.0444457
-0.0373927
-0.0288188
-0.0171378
-0.00154275
0.0174033
0.0375807
0.0556647
0.067945
0.0713592
0.0643907
0.047519
0.0230815
-0.0053716
-0.0339745
-0.0593966
-0.0794155
-0.0930991
-0.100604
-0.102706
-0.100272
-0.0938668
-0.0836227
-0.0693531
-0.0508031
-0.0279154
-0.00103076
0.0290137
0.0608899
0.0928661
0.122935
0.14895
0.16876
0.180364
0.182132
0.173127
0.153469
0.124604
0.0892884
0.051197
0.0142015
-0.018472
-0.0449564
-0.0650837
-0.0802111
-0.092548
-0.104195
-0.116235
-0.128229
-0.138314
-0.143855
-0.142391
-0.132506
-0.114308
-0.0893581
-0.0600985
-0.0290243
0.00203668
0.0322516
0.061603
0.0903048
0.118066
0.143504
0.163938
0.175693
0.174843
0.158241
0.124565
0.0751445
0.0142769
-0.051116
-0.112571
-0.161733
-0.192195
-0.201011
-0.189407
-0.162426
-0.127548
-0.0926966
-0.0641916
-0.0452403
-0.0353311
-0.0306492
-0.0253547
-0.013372
0.00976993
0.0455102
0.0916063
0.14244
0.190212
0.226712
0.245214
0.241984
0.217033
0.173943
0.118914
0.0593211
0.00223908
-0.0467494
-0.0842245
-0.109054
-0.122079
-0.125551
-0.122498
-0.116118
-0.109233
-0.1038
-0.10055
-0.0988582
-0.0969015
-0.0920939
-0.0816993
-0.0635049
-0.036444
-0.00105691
0.0403279
0.0837825
0.124335
0.156777
0.17654
0.18046
0.167266
0.137703
0.0942851
0.0407921
-0.0182883
-0.0781796
-0.134036
-0.181048
-0.214631
-0.230883
-0.22733
-0.203759
-0.162792
-0.10982
-0.0521163
0.00271409
0.0484845
0.081781
0.102487
0.113359
0.118846
0.123557
0.130827
0.141805
0.155286
0.16827
0.176978
0.177943
0.168836
0.148857
0.118687
0.0801299
0.0356371
-0.0121151
-0.0604594
-0.106781
-0.1485
-0.183176
-0.208826
-0.224321
-0.229618
-0.225625
-0.213719
-0.195127
-0.170434
-0.139467
-0.10158
-0.0563012
-0.00406859
0.0531808
0.111836
0.166944
0.212991
0.24493
0.259183
0.254329
0.231303
0.193099
0.144101
0.0892793
0.0334644
-0.0191689
-0.065362
-0.102821
-0.130159
-0.146836
-0.153167
-0.150359
-0.14046
-0.1261
-0.109973
-0.094208
-0.0798343
-0.0665421
-0.0528456
-0.0366096
-0.0158021
0.0107375
0.0427388
0.0783191
0.114233
0.14648
0.171106
0.184985
0.18639
0.175217
0.152813
0.121511
0.0840539
0.0431091
0.0010183
-0.040233
-0.078908
-0.113391
-0.14212
-0.163611
-0.176598
-0.180251
-0.174437
-0.159922
-0.138375
-0.112125
-0.0836747
-0.0550985
-0.0275363
-0.0009888
0.025456
0.0529875
0.0822108
0.112353
0.14085
0.163544
0.17553
0.172483
0.152086
0.115111
0.0657141
0.0107773
-0.0415756
-0.0838212
-0.110678
-0.120109
-0.113482
-0.0949636
-0.0703378
-0.045579
-0.025487
-0.0126749
-0.0071158
-0.00634498
-0.00627338
-0.00242243
0.00872846
0.0286376
0.0561445
0.0876192
0.117766
0.140838
0.151926
0.147999
0.128491
0.0953553
0.0526083
0.00549342
-0.0405153
-0.0806595
-0.111607
-0.13181
-0.141467
-0.142147
-0.136255
-0.126486
-0.115381
-0.104972
-0.0964778
-0.0900512
-0.0846667
-0.0782568
-0.0681597
-0.0518152
-0.0275227
0.00496545
0.0441886
0.0871192
0.129651
0.167288
0.195859
0.212083
0.213932
0.200774
0.173378
0.133808
0.0852602
0.0318457
-0.0216734
-0.0702449
-0.109054
-0.13424
-0.143713
-0.137841
-0.119701
-0.0946884
-0.069455
-0.0503928
-0.0420425
-0.0458281
-0.059461
-0.0772389
-0.091294
-0.0935889
-0.0781875
-0.0431549
0.00852419
0.0693597
0.129043
0.176934
0.204628
0.207834
0.187086
0.147168
0.0955662
0.0405467
-0.0105483
-0.0523648
-0.0818799
-0.0982011
-0.102134
-0.0957762
-0.0822397
-0.0653892
-0.0494182
-0.0381416
-0.0340998
-0.0377651
-0.0471846
-0.058275
-0.0657691
-0.064598
-0.0513356
-0.0252934
0.0110554
0.0524563
0.0919905
0.122668
0.139082
0.13865
0.12206
0.0928159
0.0561183
0.0175043
-0.0182868
-0.0479729
-0.0698786
-0.0837068
-0.0901252
-0.0903368
-0.0857298
-0.0776213
-0.0670663
-0.0547086
-0.0406866
-0.0246475
-0.00593365
0.0160283
0.0412015
0.0684547
0.0953478
0.118353
0.133516
0.137374
0.127852
0.104841
0.0703251
0.0280226
-0.017306
-0.0607044
-0.0978027
-0.125385
-0.141681
-0.146397
-0.140553
-0.126161
-0.10582
-0.0822656
-0.057947
-0.0346877
-0.0134575
0.00570164
0.02356
0.041382
0.0604459
0.0814984
0.104271
0.127187
0.147369
0.161022
0.164174
0.153649
0.128016
0.0882383
0.0377872
-0.0178256
-0.0720151
-0.118366
-0.15187
-0.16985
-0.172341
-0.161816
-0.142362
-0.118544
-0.0942922
-0.0721113
-0.0527716
-0.0354796
-0.0183675
0.000871048
0.0243038
0.053086
0.0868594
0.123366
0.158465
0.1867
0.202399
0.201075
0.180729
0.142627
0.0912765
0.0336046
-0.0224698
-0.0696865
-0.102935
-0.120241
-0.123014
-0.115494
-0.103531
-0.0930002
-0.0882835
-0.0912025
-0.100655
-0.112993
-0.122987
-0.125143
-0.11507
-0.0906417
-0.0526733
-0.00492936
0.0466058
0.0950156
0.133934
0.158795
0.167546
0.160702
0.140878
0.112001
0.0784595
0.0443329
0.0128307
-0.0140144
-0.0353622
-0.0513275
-0.062575
-0.0698664
-0.0736605
-0.0738472
-0.0696828
-0.059977
-0.0435233
-0.0196702
0.0111326
0.0469847
0.084517
0.119266
0.146401
0.161636
0.162107
0.146971
0.117588
0.0772245
0.0303432
-0.0183091
-0.0645528
-0.105307
-0.138701
-0.163859
-0.180548
-0.188908
-0.189351
-0.182592
-0.169708
-0.152065
-0.131073
-0.107801
-0.0826404
-0.0551942
-0.0245114
0.0103717
0.0497479
0.0926501
0.136576
0.177646
0.21118
0.23258
0.238323
0.226826
0.198975
0.15812
0.109484
0.0590836
0.0124789
-0.0262787
-0.0551818
-0.0742218
-0.0849009
-0.0895486
-0.0906711
-0.0904683
-0.0905477
-0.0917802
-0.0942149
-0.0970186
-0.0984941
-0.0962767
-0.0877838
-0.0708855
-0.0446489
-0.00992893
0.0304105
0.0717565
0.10846
0.134856
0.146399
0.140659
0.117977
0.0815408
0.0368225
-0.00954938
-0.0512047
-0.0833492
-0.103619
-0.112256
-0.111617
-0.105204
-0.0965261
-0.0880961
-0.0807829
-0.0736675
-0.064401
-0.0499744
-0.0277185
0.00371194
0.0436273
0.0890714
0.135153
0.175885
0.20533
0.218782
0.213696
0.190145
0.150731
0.0999923
0.0435075
-0.0130659
-0.0647947
-0.107982
-0.140367
-0.161094
-0.170536
-0.170069
-0.161773
-0.148053
-0.131171
-0.112795
-0.0936685
-0.0735457
-0.0514302
-0.0260854
0.00332262
0.036631
0.0723202
0.107523
0.138451
0.161151
0.172409
0.170497
0.155547
0.129433
0.0952547
0.0566621
0.0172692
-0.0197235
-0.0517212
-0.0768387
-0.0939921
-0.102982
-0.104512
-0.10009
-0.0917684
-0.0817585
-0.0720105
-0.0638425
-0.0576904
-0.052999
-0.0482684
-0.0412914
-0.0296075
-0.0111586
0.0149498
0.0477694
0.0841806
0.119166
0.146765
0.161496
0.159783
0.140912
0.107197
0.0633653
0.0153989
-0.0307606
-0.0703025
-0.100189
-0.119284
-0.128037
-0.127901
-0.120707
-0.108165
-0.0916132
-0.0719532
-0.0497476
-0.0253912
0.000684838
0.0278276
0.0550345
0.0808937
0.103597
0.121054
0.131159
0.132229
0.123505
0.105514
0.0800791
0.0499409
0.0181142
-0.0127718
-0.0409252
-0.0655171
-0.086492
-0.104168
-0.118769
-0.13003
-0.136984
-0.138012
-0.131188
-0.114868
-0.0883737
-0.0525478
-0.00995808
0.035354
0.0785607
0.115003
0.14115
0.15528
0.157643
0.150077
0.13522
0.115631
0.0931371
0.068606
0.0421525
0.0136612
-0.0165981
-0.0474956
-0.0769049
-0.102009
-0.119987
-0.128865
-0.128188
-0.119238
-0.104691
-0.0878128
-0.0715043
-0.0574977
-0.0459708
-0.0356631
-0.0244295
-0.0100463
0.00896521
0.0327255
0.0597666
0.087258
0.111626
0.12937
0.137809
0.135554
0.122604
0.100153
0.0702732
0.0356219
-0.000753679
-0.0355758
-0.0655568
-0.0877614
-0.100093
-0.101783
-0.0936986
-0.0783234
-0.0592973
-0.040572
-0.0253542
-0.0151472
-0.00923372
-0.00485371
0.00188263
0.01457
0.0350157
0.0621984
0.0920846
0.118436
0.134408
0.134464
0.116011
0.0802546
0.0320047
-0.0214817
-0.072242
-0.113374
-0.140323
-0.151427
-0.147741
-0.132363
-0.109528
-0.0836515
-0.0584613
-0.0363486
-0.0180667
-0.00286135
0.0109933
0.0254104
0.041701
0.0600169
0.0791715
0.0968637
0.110227
0.116551
0.113973
0.101938
0.0812968
0.0540419
0.0228418
-0.00943617
-0.0400689
-0.0666658
-0.0872667
-0.100438
-0.105407
-0.102223
-0.091857
-0.0761524
-0.0575651
-0.038691
-0.0216841
-0.00771756
0.00334435
0.0129282
0.0233373
0.0370113
0.0556573
0.0795296
0.107105
0.135254
0.159848
0.176588
0.181839
0.173267
0.150218
0.113834
0.0669285
0.0136675
-0.0409593
-0.0918241
-0.134454
-0.165794
-0.184774
-0.192465
-0.191749
-0.186473
-0.180311
-0.1756
-0.17254
-0.169002
-0.161078
-0.144231
-0.114762
-0.0711809
-0.0150913
0.0486789
0.112824
0.169051
0.209955
0.230746
0.230339
0.211489
0.179974
0.14309
0.107858
0.079423
0.0599991
0.0486197
0.0417181
