92.5809
92.5809
92.5809
92.4915
91.8525
91.854
91.8206
91.8206
91.8206
91.8416
91.8445
91.8445
91.7871
91.7867
91.7867
91.788
91.8138
91.8393
91.8225
91.9145
91.9554
91.9471
91.9471
91.9683
91.9965
92.0391
92.0387
91.9555
91.9018
91.7598
91.7571
91.7249
91.7006
91.5686
91.5197
91.557
91.5262
91.5262
91.5372
91.5171
91.5895
91.5832
91.566
91.5749
91.5699
91.59
91.6087
91.6178
91.6034
91.6587
91.712
91.7073
91.705
91.6988
91.7701
91.8699
91.8719
91.8165
91.7857
91.6512
91.6052
91.5404
91.546
91.3799
91.4373
91.2539
91.2242
91.2194
91.2232
91.2099
91.2099
91.1541
91.1492
91.1602
91.1919
91.2135
91.2394
91.2151
91.251
91.2461
91.2521
91.3054
91.3972
91.3611
91.3815
91.3815
91.4104
91.4524
91.5348
91.5413
91.49
91.3898
91.2729
91.2252
91.1154
91.0724
90.9857
90.9145
90.8785
90.8724
90.8881
90.8019
90.8376
90.872
90.8699
90.8423
90.8528
90.8874
90.902
90.9028
90.9147
90.9313
90.9296
90.9373
90.9409
91.0435
91.0797
91.0367
91.0367
91.1954
91.1822
91.2285
91.3526
91.3066
91.2565
91.1814
91.0594
91.0169
90.9262
90.9142
90.9092
91.322
90.8091
90.8091
90.8016
90.8495
90.8038
90.8233
90.8461
90.825
90.9007
90.9102
90.9562
90.9778
91.0438
91.0176
91.0694
91.065
91.0665
91.1513
91.2684
91.2562
91.2571
91.2698
91.2843
91.3769
91.3512
91.3064
91.2748
91.1464
91.103
91.0402
91.032
90.9695
90.9266
90.9897
90.9897
90.8927
90.856
90.9106
90.9008
90.907
90.8988
90.9405
90.9781
90.9425
91.0088
91.0097
90.986
91.5166
91.0364
91.0364
91.0323
91.1207
91.1441
91.1692
91.2351
91.2062
91.3061
91.2336
91.1618
91.1146
91.0187
90.9787
90.9329
90.8793
90.8741
90.8467
90.8332
90.8133
90.8177
90.7708
90.8247
90.7832
90.8115
90.8483
90.8871
90.8902
90.9294
90.8782
90.8543
90.9432
90.9187
90.9277
90.9277
90.9902
91.0225
91.058
90.9705
90.9063
90.8563
90.866
90.8245
90.7861
90.8077
90.8014
90.7239
90.7522
90.7219
90.7228
90.6936
90.7969
90.7373
90.7493
90.8151
90.7891
90.7873
90.8113
90.7876
90.7976
90.8413
90.9398
91.0076
90.9387
90.9387
91.0169
91.0105
90.907
90.9095
90.9529
90.9263
90.8549
90.8555
90.8212
90.8034
90.715
90.7409
90.7845
90.7687
90.678
90.794
90.7325
90.7325
90.7624
90.7989
90.8351
90.8538
90.8837
90.942
90.9646
90.9271
90.9749
91.0639
91.0411
91.0685
91.0855
90.9896
90.9896
90.9338
90.9109
90.8266
90.8257
90.7871
90.7749
90.7774
90.6367
90.7296
90.7521
90.7407
90.7966
90.7722
90.7937
90.7937
90.7666
90.7723
90.7859
90.8012
90.8399
90.9028
90.8908
90.9372
90.9976
90.995
90.9606
91.0481
91.0497
91.0375
90.8928
90.8314
90.7834
90.7357
90.7329
90.6377
90.6152
90.594
90.6191
90.5643
90.5243
90.5935
90.584
90.5256
90.4813
90.563
90.9697
90.5852
90.5852
90.5984
90.5813
90.6706
90.6966
90.7157
90.7145
90.6956
90.7523
90.7617
90.7693
90.6556
90.6166
90.4744
90.5099
90.5099
90.3225
90.3261
90.306
90.3
90.2712
90.1692
90.2052
90.2377
90.2496
90.2305
90.246
90.2426
90.2664
90.2588
90.2389
90.3241
90.3042
90.3225
90.3278
90.4674
90.4125
90.4211
90.47
90.4299
90.3857
90.3578
90.3325
90.2214
90.1974
90.1529
90.0842
90.0729
90.0729
89.9976
89.9645
90.0083
90.0225
89.9765
89.8935
89.9876
89.9974
89.9885
89.9546
89.9927
90.0619
90.0458
90.1613
90.1613
90.1819
90.204
90.2309
90.244
90.2926
90.2576
90.1997
90.1642
90.0471
90.0375
90.0517
89.8504
89.9547
89.9527
89.8485
89.8064
89.8431
89.7265
89.7265
89.8873
89.7453
89.8139
89.8039
89.8127
89.8474
89.8738
89.8742
89.9194
89.9243
89.9559
89.9443
89.9666
89.9666
90.0737
90.0614
90.0772
90.1736
90.1555
90.0725
89.967
89.8994
89.8929
89.7998
89.7699
89.7185
89.6777
89.6527
89.6476
89.6319
89.6188
89.6437
89.6534
89.6992
89.7241
89.7025
89.7337
89.7487
89.7573
89.7939
89.7982
89.8171
89.8378
89.8773
89.9515
89.9617
90.0158
90.0326
90.1382
90.0242
90.0146
90.0083
89.9385
89.8723
89.7916
89.7878
89.7651
89.7353
89.6783
89.7013
89.6065
89.6065
89.6592
89.5936
89.6406
89.6968
89.6956
89.6436
89.7
89.7014
89.7245
89.7145
89.7165
89.7705
90.2226
90.0113
89.8465
89.8495
89.8892
89.9263
89.92
89.9355
90.0049
89.9278
89.8299
89.8134
89.7807
89.7335
89.7262
89.6336
89.5629
89.5591
89.6089
89.5603
89.5164
89.5212
89.5887
89.5525
89.5975
89.6056
89.651
89.7137
89.6934
89.7408
89.8058
89.7897
89.814
89.899
89.8851
89.8851
89.9238
89.9335
89.9594
90.0431
90.0374
90.0541
90.0061
89.9501
89.876
89.8391
89.8513
89.7712
89.711
89.9078
89.7388
89.6915
89.683
89.652
89.6529
89.7348
89.7183
89.6779
89.7239
89.7645
89.7859
89.7659
89.7383
89.8299
89.8351
89.8398
89.851
89.911
89.9236
89.9213
89.9385
89.9806
90.0461
90.0176
89.9719
89.9188
89.8744
89.8393
89.7607
89.7504
89.6678
89.6442
89.6501
89.6501
89.6122
89.5994
89.6217
89.6164
89.6256
89.6281
89.5933
89.5826
89.6409
89.6852
89.685
89.6502
89.672
89.7243
89.7243
89.7663
89.7136
89.7618
89.7824
89.7861
89.7262
89.6753
89.59
89.5548
89.5357
89.4234
89.3477
89.3002
89.3584
89.3501
89.2615
89.2595
89.2106
89.2106
89.1631
89.1875
89.2195
89.2436
89.2884
89.2443
89.38
89.3732
89.3807
89.4035
89.4449
89.5512
89.5026
89.3659
89.3659
89.3933
89.3336
89.2927
89.2942
89.2951
89.2847
89.2952
89.3038
89.2509
89.2232
89.3579
89.3444
89.333
89.333
89.3652
89.4074
89.4811
89.4816
89.4817
89.507
89.5317
89.6116
89.6352
89.6412
89.6537
89.6289
89.5219
89.737
89.6013
89.5213
89.4593
89.4252
89.3914
89.3874
89.3669
89.3793
89.4367
89.505
89.5261
89.4876
89.4347
89.5181
89.5229
89.5581
89.6306
89.6076
89.6169
89.6169
89.7543
89.7261
89.7921
89.8229
89.8135
89.7938
89.7774
89.7358
89.6886
89.7079
89.6433
89.6356
89.6315
89.534
89.5843
89.5303
89.5238
89.5026
89.5047
89.5076
89.5047
89.4914
89.5191
89.5214
89.5581
89.627
89.6581
89.6392
89.6378
89.768
89.8038
89.7948
89.7984
89.7888
89.6313
89.6751
89.6676
89.604
89.5333
89.5395
89.501
89.5171
89.5131
89.4594
89.4481
89.4338
89.427
89.427
89.4931
89.4239
89.4418
89.4948
89.4305
89.4159
89.4871
89.5052
89.5867
89.5916
89.5569
89.5778
89.6383
89.6383
89.565
89.4531
89.3978
89.2872
89.2764
89.1995
89.1213
89.1176
89.0959
88.9882
88.9407
89.0144
88.9674
88.9459
88.9352
88.9174
88.9118
88.8781
88.8837
88.8774
88.8756
88.9152
88.9035
88.905
88.9117
88.8967
89.0211
89.0393
89.0381
89.0142
88.9279
88.8776
88.7879
88.7879
88.6904
88.5655
88.4663
88.4614
88.3735
88.3306
88.2456
88.3025
88.2701
88.2654
88.2718
88.2541
88.6615
88.2926
88.2662
88.3261
88.3222
88.3675
88.3592
88.3849
88.4168
88.4961
88.5388
88.5421
88.517
88.4524
88.3407
88.242
88.2405
88.1847
88.0878
88.1333
88.1333
88.0499
88.0403
88.019
88.0815
88.0728
88.0426
88.0617
88.0818
88.1036
88.1031
88.1097
88.2034
88.2223
88.3207
88.3207
88.2734
88.282
88.345
88.3665
88.4326
88.4537
88.3112
88.2694
88.1911
88.1913
88.1694
88.0837
88.0571
88.0521
88.0786
88.0115
88.074
87.9566
87.9685
88.0093
88.0563
88.0098
88.0621
88.0813
88.1109
88.09
88.1498
88.2356
88.2423
88.2898
88.3225
88.3243
88.3243
88.4091
88.4734
88.4003
88.3231
88.2938
88.2433
88.2764
88.2293
88.1623
88.1122
88.1008
88.1284
88.1973
88.1719
88.1719
88.1213
88.1725
88.2165
88.2436
88.2735
88.2645
88.3599
88.3766
88.3932
88.4155
88.4213
88.5412
88.6348
88.5726
88.6417
88.6338
88.6123
88.5977
88.5689
88.5265
88.5953
88.5511
88.5216
88.4425
88.4563
88.5035
88.5076
88.5707
88.5727
88.5928
88.6224
88.6359
88.6349
88.7229
88.7197
88.6793
88.7738
88.7986
88.8214
88.8625
88.9562
88.9082
88.9829
88.9834
89.0355
