81.6071
81.2749
81.1019
81.805
81.805
80.5105
81.2648
80.0579
80.9858
80.9858
79.5898
80.4171
80.3148
80.2058
80.2058
81.7354
80.392
80.1905
80.8767
80.8767
81.1508
80.8262
79.7866
79.6753
79.6753
80.4669
81.629
80.0759
80.634
80.634
80.6334
80.7799
81.3234
81.5477
81.5477
81.5627
80.6141
81.5722
80.8828
80.8828
81.5974
82.8251
81.279
81.3405
81.3405
81.3517
80.8578
81.3636
79.805
81.2321
81.8387
80.6267
80.0816
80.0816
79.7413
81.3187
81.1234
80.7174
80.2616
81.2832
80.5735
79.9356
81.2442
81.2442
80.2943
80.361
80.8861
80.8861
79.863
79.484
80.2313
80.0907
80.0907
79.7579
80.197
81.0583
81.0583
81.4211
80.8116
80.9799
80.0888
80.0888
80.9429
80.8569
80.4749
80.4838
80.0202
81.5797
80.9297
80.3576
78.8152
80.3345
81.0105
80.4766
79.9525
79.9525
80.5239
80.7196
80.4823
80.485
80.485
80.9079
80.4104
79.635
80.3013
80.3013
80.4729
80.4206
80.5383
80.5383
80.3731
81.835
81.7271
80.2125
78.6086
80.0724
79.792
79.6175
79.9667
79.0942
80.6522
80.1472
80.6513
79.9529
79.2417
79.2417
80.1772
80.1575
81.235
80.6113
80.6113
80.7711
80.702
80.0123
81.219
81.219
80.3481
82.8201
81.0177
81.0177
80.5475
79.761
81.6043
80.0532
179.073
196.334
80.9116
79.4678
81.9393
81.9393
80.4893
80.5849
81.6775
79.8038
81.2777
80.3417
80.7188
81.4216
81.4216
81.8539
82.3438
81.8858
81.9331
82.0483
82.0483
82.1685
81.464
82.0277
84.5866
82.4286
82.2153
82.1951
82.4134
82.4134
81.2754
81.8537
82.2896
82.4916
82.4916
81.1568
79.3039
78.3732
77.1713
77.1713
76.6046
77.4871
77.9354
78.2538
78.2538
78.0089
77.6781
155.518
155.518
77.1485
78.0443
78.0466
78.0971
78.0971
77.9393
78.7724
78.1891
78.1808
78.1808
78.7166
78.6318
78.5813
78.5289
78.5289
77.6098
78.7803
78.5052
76.8763
78.2961
79.4641
78.3074
79.7026
79.7026
80.5561
80.5089
79.4022
78.2387
79.6733
80.5588
77.7505
76.9198
78.4405
78.6999
79.8707
79.7647
79.7647
79.5514
79.204
79.4086
80.1571
80.1571
79.6636
79.6466
79.0184
79.0184
78.0597
78.6584
78.7255
78.0848
78.0848
77.4523
77.5297
77.1324
77.1552
77.1552
77.7804
77.2883
77.216
77.3937
77.3937
77.8578
77.9712
78.5678
78.5678
78.4602
78.5184
78.3152
79.0846
79.0846
76.7396
77.577
77.7199
77.2566
78.1388
78.1388
78.7399
79.1136
78.9331
78.819
78.819
79.1
78.3216
78.6388
78.6388
77.5002
78.7638
77.6345
142.316
142.316
77.2547
78.0541
77.3118
77.3219
77.3219
78.6137
77.6286
79.0204
79.0204
76.6826
78.6149
78.6088
77.9796
76.6725
78.1179
78.3942
77.803
77.5595
77.5595
78.6852
77.4249
78.6058
76.4247
77.452
78.1654
77.7407
77.664
77.9459
77.9459
78.8939
77.8311
78.4623
79.2305
79.2305
79.4133
78.381
79.4767
78.3575
78.3575
77.9849
77.6969
78.056
77.3672
78.8295
78.1276
78.3483
77.7578
77.7578
78.1728
78.1808
78.159
77.7467
77.7467
77.7053
77.4698
78.3568
78.262
78.3249
78.3249
77.6142
77.9651
77.8904
77.6689
77.6689
78.3857
77.4698
78.5389
78.9186
78.9186
78.6991
80.1173
78.7035
78.369
78.369
78.3535
78.4104
78.8097
79.3536
79.3536
200.724
78.68
79.6667
78.9334
77.2356
78.7325
79.2432
78.8386
78.5695
78.5695
79.9223
79.2615
79.6063
77.6503
79.2134
81.332
81.5812
81.1867
78.7541
80.1824
80.3925
81.2709
80.1956
81.1204
81.1204
81.6149
80.6635
79.6688
79.9219
79.9219
79.5496
79.342
80.1357
79.9034
79.9034
80.4241
79.3778
80.0913
80.0913
79.6525
80.2643
79.1729
77.7078
80.4737
80.4737
79.0741
79.6481
79.6057
79.6057
79.3583
79.6098
79.0051
79.0051
79.6076
78.3856
79.9158
80.1961
80.1961
79.3758
78.849
79.0586
78.1485
78.1485
77.5738
78.3273
77.9833
77.9833
78.6273
77.5286
77.4276
79.2958
79.2958
78.3367
78.451
78.4227
77.3024
78.7223
78.6914
78.5101
78.63
78.63
77.553
78.2945
78.3386
78.3386
78.4221
78.669
78.9863
78.7953
76.4733
77.8166
78.1007
77.7741
78.3746
76.4728
78.0713
80.134
78.6247
78.4827
78.4827
78.723
78.526
78.1212
78.2345
78.2345
78.8648
78.1588
79.123
78.4926
78.4926
77.5406
78.0142
78.5278
78.4893
76.6903
78.0852
77.6643
78.0633
76.7899
78.1108
78.035
78.0106
77.6266
77.6266
78.0799
77.9357
77.9357
77.9538
77.9465
77.4898
77.4898
78.3216
77.5969
77.9745
77.9745
77.7316
77.5235
77.7777
77.7777
78.0994
78.0256
77.729
77.4137
77.4137
77.3474
77.2777
77.5766
77.6688
77.6688
77.3353
77.3183
77.391
77.6547
77.6547
78.1584
77.4501
77.64
77.64
77.2713
77.3174
78.4221
77.5822
77.5822
77.1235
75.6954
77.6192
77.7214
77.1514
77.1514
77.256
77.2079
78.1022
78.1022
77.5759
77.3665
77.4019
77.0013
77.0013
77.4243
77.3729
77.5364
77.5364
77.1138
78.0951
77.5669
77.5669
77.9497
77.6103
77.8386
77.4647
77.4647
77.4747
77.3054
78.2036
78.1329
78.1329
78.2416
77.676
77.179
78.2228
78.2228
77.6133
78.0135
77.8529
77.8529
78.0923
77.23
77.8817
76.3255
77.8274
77.2245
78.0015
77.5598
77.5598
77.3146
77.3158
78.2435
75.9777
78.0375
78.2368
78.1656
78.6522
78.6522
78.1184
77.3524
78.6254
78.2766
78.2766
78.5326
78.4154
77.4983
77.4983
77.4037
77.8555
78.2406
78.2406
78.4096
78.5657
78.8612
77.3741
78.8771
79.0023
78.9229
78.22
78.22
78.552
78.8786
78.7971
77.294
78.8116
78.5879
78.3885
78.5502
78.5502
77.8028
78.4252
79.2735
79.2735
78.7618
79.2037
79.1303
78.3777
78.3777
79.2966
78.443
78.442
78.5781
78.5781
79.2987
79.5025
79.2238
79.2238
79.2999
78.3261
79.0438
76.9891
79.0769
79.0571
79.6257
79.7227
79.7227
78.7142
78.8184
78.9938
78.6404
78.6404
78.5514
78.522
78.1642
78.1642
78.3282
78.6436
77.8372
76.2946
77.8746
78.0804
78.8692
76.8868
78.029
78.3773
77.7053
77.8231
77.8231
78.0778
77.6254
77.6782
78.79
78.79
77.7608
77.6938
78.1091
78.2518
78.2518
78.4158
78.4471
79.2243
79.2243
78.8669
78.2302
78.8708
78.1738
78.1738
77.7881
78.3986
79.9168
76.7231
77.9284
78.1685
78.6654
78.9019
78.9019
78.5034
79.5689
79.4078
79.4078
79.0614
79.375
80.01
76.4295
77.988
79.3298
79.2116
78.6106
78.6106
78.1106
79.6268
78.5615
77.5741
79.274
79.8005
78.6164
79.9735
79.9735
79.8668
79.7473
79.2033
79.2033
78.9505
78.9893
78.1712
78.6821
78.6821
78.5826
79.1193
78.6289
78.5963
78.5963
79.3277
78.8434
79.5867
79.5867
78.6753
79.1533
78.7931
78.7931
78.094
78.3497
78.6551
78.6275
78.6275
78.4344
79.5262
79.2644
78.98
78.98
80.0709
79.5573
79.2189
79.2189
78.9286
79.3241
79.9866
79.9866
79.3227
78.7664
79.2184
78.1528
78.1528
79.5326
78.6752
78.6258
78.6258
78.4293
78.1289
78.6003
78.2782
78.2782
78.1745
80.1539
78.7966
77.5353
79.1737
80.4127
78.802
78.4974
78.4974
79.5908
78.5951
78.8763
77.6782
79.7599
79.2018
78.2361
78.584
78.584
79.6642
78.1896
78.0665
78.7565
78.7565
79.2107
78.5279
79.4399
79.4399
80.1739
78.7127
78.4439
78.8583
78.8583
78.7593
79.8934
80.4494
80.4494
79.5343
79.2302
78.36
78.36
79.1516
78.6786
79.1895
79.0297
77.6693
78.7747
79.6289
78.7926
78.4957
79.1668
79.1668
79.9726
78.5725
77.5083
79.1486
79.7507
78.2297
78.1954
78.1954
78.4569
77.9894
79.3518
78.7019
78.7019
79.0266
78.9334
79.3338
79.3338
79.9278
79.4338
79.413
79.8493
79.8493
79.858
78.7598
78.4384
78.7779
78.7779
78.6413
78.4885
78.4211
78.4211
78.4038
79.3228
78.2942
79.1601
79.1601
79.1446
79.1924
78.8876
78.8876
79.8253
78.7758
78.7222
79.1882
79.1882
78.4098
79.5377
78.8049
78.8049
79.8583
78.1171
78.3789
78.3789
79.6734
78.4922
78.343
77.6647
77.6647
77.2946
77.8423
77.878
77.878
77.3712
77.394
76.8239
76.8239
77.5777
77.561
78.0151
77.8812
77.8812
78.5995
77.8842
79.1333
79.1333
77.7665
78.1196
78.1658
78.2121
78.2121
78.2121
80.0218
78.4019
79.4044
78.3342
77.1975
79.2047
78.7119
78.5816
78.5816
78.3796
78.8362
77.8851
77.8851
77.8621
78.1343
79.6569
78.2381
80.3598
81.4486
78.9269
76.7215
76.6395
76.6395
76.6754
78.1535
79.9204
79.9204
75.761
76.1971
78.2794
77.6462
77.6462
78.4194
78.6533
77.8245
77.0931
77.0931
78.3932
78.5829
76.4942
77.667
77.667
77.7672
77.7672
82.4634
82.0027
81.0928
80.9869
79.2105
79.2105
79.5401
78.4371
77.1383
78.7481
78.5526
78.7474
82.0843
77.9661
79.9632
81.5897
79.4095
79.4669
79.4669
82.7029
79.473
83.5171
81.9281
81.9281
81.0335
81.0861
81.8483
81.8483
82.7788
82.0331
83.355
85.55
85.55
85.5592
84.7795
85.7291
84.6183
84.6183
83.402
83.6255
83.6451
82.4204
84.8199
86.812
86.1827
86.7512
86.7512
87.2089
87.3954
91.9473
91.9473
91.8234
91.3063
91.2124
91.2124
91.8303
93.5431
93.7753
92.3553
93.565
94.2034
95.0692
95.9502
95.9502
94.5156
95.2481
94.2899
94.2899
95.6499
95.1198
95.0953
94.8567
94.8567
95.2808
96.2357
95.9836
96.4137
96.4137
96.3131
98.1568
97.7178
97.7178
99.5692
100.1
98.3447
98.3447
99.6242
97.8415
98.2432
98.2432
96.7507
97.1543
98.488
98.488
95.6541
97.4529
97.8407
97.8407
97.5573
97.8684
97.4861
96.3823
97.631
97.6104
98.1991
95.6336
98.4492
98.4492
96.311
97.2336
99.7459
99.7459
99.7146
99.0537
99.5382
100.357
98.4733
99.8866
101.212
100.97
101
101
100.114
102.007
100.397
100.397
100.034
102.804
100.994
100.994
101.689
100.959
98.6524
98.7697
98.7697
98.2583
98.3265
98.6722
98.6722
98.4172
98.7946
99.9054
98.7595
98.7595
99.501
99.5346
98.7811
98.7811
98.5419
98.9479
99.6088
99.6088
98.1699
98.903
98.0369
98.9341
98.9341
98.6058
97.5701
98.3762
98.3762
99.044
99.4892
98.4991
98.5703
99.6761
99.8046
99.7828
99.6617
99.6617
100.258
98.2557
100.187
99.8015
99.8015
99.497
98.7832
98.2383
98.2383
98.5249
99.1132
99.7054
98.1649
97.839
99.6078
98.7072
99.272
98.9603
98.9603
100.426
99.9083
100.349
100.057
100.057
99.7915
98.9052
98.0288
98.0288
100.003
100.279
99.7189
99.1363
99.1363
99.6732
100.185
100.111
101.215
101.215
100.114
100.352
99.8382
100.295
100.295
100.885
100.258
100.409
100.207
100.207
98.135
98.3691
98.0475
98.0475
98.0259
99.2763
99.5791
99.2429
98.8667
98.8667
100.011
99.533
99.2738
99.2738
97.9261
98.6574
98.4796
98.1811
98.1811
99.1688
99.2073
98.9942
98.8021
99.7978
99.8951
99.1055
98.8253
100.058
98.1516
99.8745
99.997
99.062
98.5163
99.9373
99.635
99.3444
98.7549
98.7549
100.158
98.9764
99.8068
100.251
100.251
100.38
100.021
99.8173
99.8173
99.3084
99.5396
100.126
98.2062
99.5169
98.8403
100.272
100.3
100.757
100.757
100.169
100.8
100.849
100.849
100.064
99.8976
100.428
100.216
100.216
99.9404
100.258
100.228
98.836
99.7649
99.5861
99.3553
99.8053
100.239
100.239
99.9259
99.8807
100.628
100.628
99.7985
99.409
99.8439
99.8439
99.8011
100.01
99.7644
98.6803
99.9269
99.9269
99.0727
99.3479
97.8619
98.7513
98.1052
98.0606
98.5549
97.0986
96.4748
97.6807
96.734
98.1104
98.9761
98.8132
98.7124
99.036
96.6931
96.6931
99.2449
99.3157
97.3377
97.3377
99.4855
99.6374
97.237
97.237
97.1267
96.9488
97.6934
97.6786
97.6786
96.7112
97.9786
97.6721
97.6721
98.1492
97.6051
98.6218
97.799
97.799
97.8431
97.7226
97.4679
97.8551
97.8551
97.2439
96.9217
97.7871
97.0718
97.0718
97.0349
98.7505
98.0731
98.0913
98.0913
97.7864
97.4265
97.8505
97.8505
96.8413
96.5611
97.5313
97.5313
97.8911
96.3097
97.9106
98.4433
98.4433
96.735
97.822
96.1341
96.1341
96.328
96.1061
97.6872
98.0175
96.8127
98.0505
98.5334
97.1233
98.2465
98.2465
97.076
98.3243
99.041
97.9419
97.9419
97.9251
98.2219
96.5472
96.5472
96.5106
96.5173
96.8313
96.8234
96.8217
96.8217
96.7964
97.2574
96.7448
96.7448
98.9848
95.9874
96.577
97.1036
97.1036
97.925
96.6273
95.9093
95.9096
95.9096
97.9942
98.7696
98.6053
98.6053
98.4946
97.7785
97.8882
98.7195
98.7195
98.4428
98.1383
99.2397
99.2397
98.8827
98.6997
99.0843
98.5622
99.1412
99.1412
99.0409
99.6748
99.2185
100.629
99.8859
99.8479
99.4436
97.4322
99.1306
98.9385
98.4523
98.9427
98.9427
98.65
98.0938
98.9002
99.0598
99.0598
98.7828
98.8548
99.5527
99.5527
99.658
99.1699
98.7589
99.7438
99.7438
99.8554
100.046
98.7616
98.7616
99.1313
98.5196
98.8809
98.8809
98.4842
97.9616
98.3477
98.3938
98.3938
98.5462
98.1922
99.4373
98.1877
99.2754
98.6126
98.7879
98.6791
98.1453
98.1453
98.9838
98.9569
98.9569
98.1509
97.9963
98.2127
98.2595
97.5198
98.8627
98.1799
98.1545
98.9636
98.9636
98.6353
99.2806
98.4056
98.4056
98.0225
98.8645
99.2305
99.2305
98.8797
98.7109
98.4112
98.7153
97.6907
99.0699
98.669
98.6944
97.3223
98.7475
98.7906
99.2576
98.5542
98.9279
98.9279
98.6238
98.7826
98.6438
98.6438
97.7713
97.8341
98.117
97.6511
97.6511
97.7037
97.2169
96.8726
97.0663
97.0663
98.1831
97.4633
97.5929
98.0065
98.7431
97.9598
98.312
98.2907
98.3103
98.3103
98.5297
97.8865
97.5026
97.5026
97.49
96.7372
97.9445
97.9445
97.4047
97.9063
97.1159
97.1804
97.1804
98.637
97.6391
97.4995
98.3122
98.3122
97.711
98.444
96.9946
96.9946
97.3005
97.2086
96.9591
97.6989
97.6989
96.0922
96.1525
96.0829
98.3527
98.3527
97.0731
97.6678
96.4287
95.1219
96.6596
96.4578
98.0961
97.4666
97.4666
97.8851
97.8946
97.4417
95.7807
97.3094
98.2941
97.6322
97.5809
97.5809
97.5831
97.5812
97.555
97.555
97.5784
97.9674
97.1618
97.7243
97.2137
97.2137
97.5979
97.2995
98.0055
98.0055
97.7992
98.3991
97.7128
97.7128
98.0729
97.6648
97.6142
97.1219
97.1219
97.5687
97.5659
97.5932
96.4557
98.1791
97.0546
97.6693
97.7346
97.7346
97.8012
97.8643
98.4847
97.9913
97.9913
97.7575
97.8042
98.5669
97.7915
97.7915
97.6034
97.7731
97.6488
97.449
97.449
97.6783
97.9143
97.9026
97.9026
98.4103
97.759
97.6596
98.2685
98.2685
98.2509
98.7599
97.1249
97.4253
97.4253
97.5183
96.7422
96.844
97.5705
97.5705
97.2478
97.2481
97.6344
97.6344
97.6581
97.9594
97.6228
97.4568
96.977
96.977
97.6371
99.0896
99.2929
98.8485
98.8485
98.6143
98.4407
97.7215
98.26
98.26
99.0033
98.8622
98.884
98.884
95.566
97.3713
97.6447
96.2349
97.6031
97.6031
96.4016
96.3831
97.9076
97.9076
96.9447
95.8563
96.8139
96.0428
96.0428
96.3099
95.9523
95.5772
95.9033
95.9033
96.262
95.9456
96.2977
96.2977
96.6372
96.6455
96.6636
97.8622
99.2562
99.2562
98.7274
99.592
99.592
99.5732
98.7768
98.4768
98.7961
96.6303
98.3196
98.3314
98.3414
98.473
98.473
97.854
98.5735
98.7601
98.6623
96.856
96.508
97.9922
98.3982
99.3316
99.3316
98.6409
98.2491
98.76
98.2932
98.2932
98.4338
98.4451
97.6805
98.743
98.77
98.4973
98.6388
98.6388
98.8106
98.9745
98.6463
98.962
98.962
98.7884
99.4188
99.0189
99.0189
99.2619
98.4581
99.166
98.7493
98.7493
99.0244
99.0893
98.3176
98.3176
98.896
98.5104
98.9292
99.009
99.7355
99.7355
98.5065
99.1525
98.0932
99.1434
99.4881
98.4728
99.2925
99.2925
98.3712
98.3922
97.6334
98.5388
98.5388
98.2075
99.0536
98.7704
98.7704
98.4144
98.5942
98.6211
98.6211
99.5246
98.6544
99.3693
98.8511
99.0316
99.0316
98.5164
98.6417
98.8447
98.1084
99.7514
99.5466
98.569
99.5378
99.5378
99.2147
98.9355
99.0278
99.0278
99.1409
99.4517
98.6602
98.6602
98.3526
99.5361
99.1698
99.0935
98.2096
98.2096
99.2966
98.2676
98.2676
98.3655
97.6348
97.5942
98.0598
98.8843
99.3068
99.3068
98.4502
98.4382
97.7735
97.7735
98.0451
97.3158
98.363
98.9977
98.1106
98.485
97.4911
98.8648
99.0613
97.6786
99.199
98.1803
98.1803
98.1916
98.1669
98.6467
98.3142
98.3142
97.8159
98.7943
99.1184
97.7468
99.1605
98.353
98.0036
98.6687
98.6687
97.3664
97.6957
98.124
96.7299
96.7299
95.984
97.7329
96.5088
96.5088
96.8439
98.0429
97.1275
97.6204
97.6204
98.1253
98.1828
97.392
97.6658
97.6658
98.6348
98.5549
98.0849
98.0849
96.9945
95.9203
96.7491
97.5597
96.956
96.956
96.9401
97.6389
98.5181
98.5181
98.0358
97.0017
96.8576
98.0061
97.3155
97.3155
97.3597
96.6221
98.011
98.011
98.0152
97.726
98.3661
97.2608
97.0506
97.0506
96.7877
97.5413
97.196
97.196
97.4837
97.7641
97.4654
95.3355
96.9992
97.5604
98.2064
98.1082
98.1082
98.3247
97.6711
98.347
97.1993
97.1993
97.2607
96.3637
97.0474
96.6886
96.6886
96.8296
97.5014
98.0892
97.255
97.255
96.5942
96.6098
96.9168
96.9168
97.4542
96.0556
97.2389
97.22
97.22
97.2869
96.615
97.0353
95.4492
97.0892
97.2289
96.3953
96.8809
96.8809
96.3996
97.6886
96.7361
96.7361
97.3803
97.9508
97.2422
96.6624
96.6624
96.4751
97.3627
97.4595
96.7785
96.7785
97.3546
97.2771
96.7409
96.7409
96.6734
96.6716
96.6604
96.2016
96.2029
97.5445
96.564
96.564
95.3172
96.8371
96.8391
95.8774
95.9322
95.9322
95.3453
94.9477
95.8981
95.5123
95.5123
95.9634
95.3553
95.6592
95.6592
95.4417
97.1199
95.1483
95.3787
95.3787
95.5017
95.4213
95.7105
95.5223
95.5223
95.9353
97.191
97.2113
96.221
97.1245
97.5307
97.4363
97.4474
96.1602
97.1095
97.1963
96.8082
96.8082
97.2359
97.5343
97.7121
97.5807
97.2102
97.2102
97.5936
97.3303
97.2539
97.2539
97.2593
96.8565
96.8674
96.8674
97.1893
97.1809
97.1501
97.4469
96.5625
97.396
97.1036
96.0129
97.4414
97.4414
97.1231
97.1231
97.4627
97.929
96.3101
96.3101
96.2411
95.8933
95.8933
96.122
95.9898
95.7027
95.7027
95.0036
95.6097
95.6097
95.9463
95.4655
96.0846
96.0846
96.118
95.8151
95.6304
96.2071
95.358
96.5689
96.1894
96.0681
96.0681
94.8909
95.1571
96.7845
95.8907
93.2966
94.9252
94.9883
95.2502
94.989
94.989
95.0782
95.9805
95.1589
94.6558
94.6558
96.0902
96.4386
95.4445
95.4445
94.8517
96.2079
94.8424
94.8424
94.9372
94.8982
94.954
95.6524
95.6524
96.4229
94.8907
95.8023
96.1155
96.1155
96.7896
95.5585
96.5659
96.7207
96.7207
97.2394
97.2287
96.1047
96.3204
96.3204
96.2637
96.4674
96.2201
91.6129
94.944
97.1724
96.034
96.3974
96.3974
96.5242
95.5674
96.3847
96.1447
96.1447
96.5517
96.9664
96.7294
95.4653
96.3423
96.1181
95.9307
96.5445
96.1205
96.1205
96.4503
95.4995
97.5375
97.5375
96.9718
94.7011
95.0796
95.0796
95.1231
95.4456
96.4834
97.1426
97.1426
96.0851
97.6314
96.0354
97.2393
97.2393
97.2074
97.5416
96.9983
95.9992
95.9992
97.1427
97.2989
97.3775
97.5796
97.5796
97.4344
97.4044
95.8239
95.8239
97.502
97.2378
95.7667
95.6119
93.4641
94.994
96.3157
96.5094
97.0629
97.0629
96.9682
98.0558
97.7576
97.2823
97.2823
96.6864
97.1076
97.0911
97.0911
97.0798
96.6973
96.6423
95.4588
96.9489
96.6201
98.2084
96.6903
96.6903
96.685
97.1086
97.528
95.6074
97.1484
98.4907
96.0381
96.5762
97.2175
97.2175
96.682
95.6606
95.6247
95.2866
96.8811
98.9031
98.9596
97.544
98.6004
99.17
98.4812
97.1369
97.1369
98.6159
97.8142
98.1919
98.3446
98.3446
97.2971
98.3278
98.7283
97.3741
99.0538
99.0228
99.0435
98.6483
96.7158
96.7158
97.0511
98.073
98.197
98.197
97.6445
98.4358
98.123
98.123
98.1076
98.0728
98.4653
95.3222
96.1972
96.5598
99.2714
99.3531
97.9198
97.9198
97.8407
97.811
98.5463
98.5463
98.7739
97.3179
98.9886
98.9886
98.5336
97.6956
97.6958
97.6958
96.8778
95.9124
96.2224
95.6483
95.6483
97.332
95.6264
95.3384
95.4838
95.4838
95.7494
96.2279
96.232
96.232
96.8015
96.8163
96.4614
97.9906
96.8437
96.8437
96.1352
95.4673
96.1213
96.1213
96.1732
96.3299
97.4654
97.0183
97.0183
97.0608
96.5856
97.7259
96.9383
97.9735
97.9448
96.3973
97.8196
97.8196
97.9
95.8972
96.9538
96.9538
96.6071
96.6126
96.5873
96.9708
96.9708
97.0461
96.0013
97.6768
97.9597
97.9597
96.8367
97.5345
96.9947
96.4767
96.2601
97.5683
98.0577
97.9199
96.8714
96.8714
97.5867
98.0104
96.8679
96.8476
96.8476
97.4198
96.5546
96.9678
96.1311
96.1311
96.6768
95.3909
96.8629
96.4359
96.4359
96.5223
96.7844
97.2169
97.2169
97.0215
97.3339
96.9797
94.6561
95.6592
95.0455
95.7363
95.4002
94.3982
95.9398
96.3051
96.9502
95.6315
95.6315
96.9007
96.5758
96.2494
95.7064
96.9778
96.1393
97.1655
96.707
96.707
97.8736
98.5983
98.1249
98.1249
98.143
98.1051
98.4449
98.3972
98.3972
97.3979
98.6616
97.2084
98.0922
98.0922
98.0823
96.9898
96.8671
96.0139
97.3548
97.7705
97.5443
96.8239
96.8239
96.0436
97.2064
96.1129
98.1703
98.1703
96.8781
96.8871
95.2995
94.361
95.599
95.9591
96.0643
98.1064
97.3897
97.3897
97.7455
97.1657
97.7756
97.7756
97.8266
97.5211
95.7852
95.7852
100.505
97.4364
97.0837
97.1089
97.1089
97.605
97.2949
97.5542
97.3486
97.3486
97.0332
97.2554
97.4084
97.4084
97.3282
97.7265
97.2094
97.5637
97.5637
97.7303
98.1463
98.5884
96.6799
98.0179
97.7177
97.7109
97.9984
97.9984
98.0346
97.7362
97.2474
97.1441
97.1441
97.4741
97.4931
97.7521
96.9062
96.9062
97.5431
97.3272
97.461
96.1416
97.3969
97.2935
97.3977
97.8525
95.5417
96.7799
96.5427
97.7483
96.9467
96.9467
97.9541
97.976
97.3144
97.3144
98.2278
97.9507
97.2213
97.058
97.058
97.8943
96.8684
96.8684
97.1245
97.9357
97.749
97.778
97.5576
98.0579
97.7414
96.8683
95.6127
96.8899
97.3969
98.1101
97.8332
97.8332
98.5031
97.9354
98.5358
97.8309
97.8309
97.7913
97.7079
98.1269
96.471
97.4821
97.064
98.3874
95.7188
95.7188
95.464
95.1707
95.787
96.2065
96.2065
95.2868
95.495
95.6586
95.0778
95.0778
96.649
97.1553
97.1553
95.7329
96.1733
96.6454
94.9715
94.4813
95.7502
96.7089
96.6934
97.6166
97.6166
96.0158
95.9509
96.5334
95.2494
95.2494
95.7785
96.5081
97.4583
95.9086
95.9086
97.3951
97.3124
96.9239
96.9102
96.9102
97.5054
97.6352
97.4647
96.8343
96.8343
96.4919
96.512
95.4452
95.8314
95.8314
96.2513
96.0316
95.6712
95.6712
95.4786
95.5204
95.9967
95.9967
95.998
95.9335
97.8855
96.1749
96.1749
97.8007
97.7924
98.1108
98.1522
95.848
97.0261
96.1546
97.0624
97.6896
97.6896
97.0751
97.284
97.0044
97.1845
94.8372
95.969
97.1964
96.6141
97.9352
97.9352
97.4715
97.1614
97.1492
97.7092
97.7092
98.3024
95.4479
98.0142
97.7649
97.7649
96.7216
97.6342
96.9479
96.9479
96.8849
97.7647
96.6706
97.0909
97.0909
97.4378
97.9742
97.1718
95.8398
97.2143
97.551
97.7749
96.5925
97.2407
97.2407
97.6561
97.5707
97.5114
96.1783
97.4997
97.3471
97.347
97.3382
97.0653
97.0653
96.9986
97.5008
97.6634
97.6634
96.628
97.6168
97.7386
97.4596
97.2168
97.2168
97.5744
97.5106
97.1592
97.1592
97.2054
96.6257
97.3655
97.6465
97.2895
97.2895
97.0604
97.3947
97.3947
97.4244
97.0963
97.5062
97.1778
97.1778
97.784
97.4472
97.432
97.432
97.4456
97.4866
97.3473
97.4209
97.4209
97.3634
97.0052
97.5199
97.5199
97.3227
96.9964
96.9956
97.3847
97.3847
97.1124
97.3474
97.4644
95.9188
97.2701
97.643
97.7753
97.5152
97.5152
97.4703
97.1315
97.059
97.0601
97.0601
97.5945
97.0569
97.0569
97.4629
97.174
97.1969
97.1969
97.1322
97.5112
97.3778
96.1799
97.5853
97.4829
97.4259
97.0741
97.0741
97.581
97.5556
97.3048
97.0973
97.0973
97.6009
97.0655
97.5913
97.6552
97.6552
97.68
97.6807
98.1073
96.7374
97.8015
97.7188
97.6878
98.1353
98.1353
97.9794
97.1855
97.334
96.8334
96.8334
97.3022
97.5147
98.3533
98.0508
96.6616
98.0708
98.6083
98.6625
97.4286
97.4286
98.2895
98.6186
97.8649
96.8074
98.1564
98.2185
89.5472
98.7505
97.0647
98.1795
98.2467
98.1461
98.3302
98.3302
98.5416
98.5119
98.6226
98.6226
90.8978
98.1985
96.6239
97.7491
97.7491
97.2567
97.2191
97.0706
97.0295
97.0295
96.626
96.2395
96.5197
96.5197
98.0796
97.5347
98.4391
98.4505
98.4505
97.7481
98.749
97.8264
98.5241
98.5241
98.3612
99.1614
99.1208
96.3881
97.3973
96.8116
98.526
97.9795
96.2987
97.7091
96.9141
97.01
97.0209
96.8502
96.8502
97.2946
97.3516
98.0755
98.0755
97.4834
95.7223
96.5815
97.0532
97.0532
98.1918
98.5077
98.2135
98.6095
98.6095
98.2728
98.6547
97.97
97.7317
97.7317
97.9352
98.2464
96.7684
96.7684
98.0094
97.0403
96.7968
95.6219
97.247
96.9073
97.5951
97.207
97.0766
97.0766
97.1491
96.9072
97.8816
97.8816
96.9783
97.2889
97.0948
97.1671
98.8398
98.8398
96.0688
97.9453
95.8119
95.8119
95.513
95.5773
96.5751
95.2277
97.2617
97.2617
98.5115
98.3308
98.469
98.469
98.5725
97.5642
98.0536
98.0536
97.8698
98.0542
97.1452
96.8344
96.8344
97.9682
97.9959
98.6494
98.6494
98.3339
98.0329
98.4307
98.1519
98.1519
98.1253
98.1872
98.5223
98.5529
98.5529
98.8996
98.5921
97.1763
97.1763
97.1461
96.5316
96.4954
96.4715
96.4715
96.5122
96.4721
96.4734
96.4734
96.7202
97.0803
96.4769
96.8312
96.4402
96.4402
96.7683
96.7855
98.0338
98.0338
97.6275
98.7995
98.3873
98.6807
98.6807
98.3553
98.2882
98.5864
98.1788
98.1788
98.4448
98.1356
98.1356
98.4242
98.1068
98.0983
98.0983
98.4817
98.5181
98.5706
98.5706
98.5251
98.1287
98.0954
98.3928
98.3928
98.4017
98.109
98.744
98.7923
98.7923
98.767
99.1364
98.8481
99.1907
99.1907
99.2276
99.2266
99.2927
99.2927
98.965
99.2746
99.2406
98.8515
98.8515
98.8535
97.8769
99.3458
99.31
99.31
99.2434
98.816
99.8813
99.8813
100.225
101.016
102.22
102.196
102.196
102.006
101.614
101.56
101.56
102.351
102.519
102.22
102.626
102.441
101.626
101.626
103.899
102.654
102.18
102.18
102.998
103.586
102.893
102.893
102.503
101.722
102.04
102.314
102.314
104.063
103.355
105.116
105.116
104.824
105.056
102.832
100.163
100.163
101.085
101.738
102.158
101.275
101.275
103.134
103.467
101.496
101.961
101.961
101.808
101.504
101.48
101.557
101.557
101.834
101.661
103.697
103.697
103.41
100.629
101.898
100.427
100.427
103.553
103.906
103.945
103.945
103.975
101.888
102.872
101.855
101.855
102.911
102.541
104.481
104.851
104.851
102.73
103.305
103.675
101.794
102.982
103.043
103.23
101.847
103.167
103.167
104.853
103.778
103.951
103.951
102.012
101.388
101.457
102.154
101.166
101.166
100.917
102.479
102.341
102.341
102.431
101.504
102.779
102.768
103.5
103.5
102.594
101.134
101.134
103.653
103.914
102.852
102.724
102.724
102.077
102.587
102.543
100.921
102.683
102.663
103.779
102.332
100.161
101.652
101.657
101.869
102.348
102.348
103.548
102.627
102.085
101.746
101.746
101.108
101.362
99.921
101.033
100.193
100.176
101.092
102.313
102.313
102.212
101.854
102.35
102.35
101.912
101.834
101.903
100.811
100.811
102.318
101.653
102.184
104.044
101.205
100.048
101.015
100.633
102.08
102.172
101.899
101.899
102.037
102.034
101.942
102.105
102.105
102.026
102.179
101.446
101.446
102.039
102.176
101.606
101.606
101.861
101.739
102.117
101.586
101.586
101.795
100.922
101.866
102.065
102.065
102.436
101.464
101.009
101.009
102.394
102.368
100.936
100.936
101.963
101.438
101.072
101.296
101.296
100.769
101.586
101.197
101.197
102.258
102.172
102.444
102.444
102.061
102.388
101.534
101.28
101.28
101.79
101.898
100.856
100.856
101.321
101.677
101.388
103.968
101.149
101.429
100.652
101.187
101.787
101.787
101.219
101.113
101.113
101.253
100.932
101.738
101.773
101.773
101.621
101.585
100.768
98.8982
100.26
100.322
101.367
100.778
100.778
100.96
101.136
101.136
100.279
100.962
100.329
101.33
101.096
102.639
100.695
100.889
101.245
101.245
101.508
101.644
100.537
99.3794
101.102
101.216
102.085
102.106
102.106
102.178
101.447
101.471
101.471
101.201
101.207
101.558
101.251
101.251
101.431
101.064
100.23
100.23
100.195
100.153
100.545
100.545
101.983
100.741
100.002
99.4939
100.312
101.339
100.624
99.3618
99.3618
99.7444
100.521
99.902
100.71
100.71
100.949
100.618
100.081
99.3067
99.3067
100.04
101.338
100.089
101.36
101.36
100.918
100.422
101.073
101.073
100.736
100.014
100.713
100.3
99.9865
99.9865
100.002
99.5094
98.1184
99.4712
100.127
99.3738
99.9342
99.9342
100.188
101.135
100.672
100.673
100.673
101.437
100.76
101.839
101.839
100.484
101.234
101.629
101.793
101.793
102.488
100.646
101.712
100.992
100.992
100.928
101.742
101.126
98.9559
100.446
100.211
101.701
101.436
99.6911
101.392
100.134
100.308
100.72
100.72
100.96
101.747
100.618
101.66
101.66
100.901
102.386
100.287
100.287
100.994
101.085
99.6372
99.6372
100.965
100.704
99.9563
100.439
101.448
101.448
100.702
102.755
99.983
101.355
101.599
101.68
100.04
100.04
99.7209
101.523
101.351
101.351
101.632
101.878
100.952
100.952
100.516
100.638
101.468
101.468
101.225
100.126
101.528
100.414
100.414
100.963
100.604
101.675
101.39
101.39
101.927
101.426
101.77
101.77
101.047
101.722
101.756
102.074
102.074
101.855
101.428
101.782
101.782
101.493
101.541
100.704
100.414
100.414
100.624
99.7382
100.159
100.159
100.206
100.193
100.102
100.017
100.017
101.587
101.056
101.044
101.044
101.539
100.401
100.862
100.564
100.564
100.534
101.307
101.318
100.363
100.363
101.744
101.101
101.269
101.269
102.106
101.95
101.571
102.305
102.305
101.498
101.382
101.618
101.618
100.975
101.027
101.333
102.317
102.317
101.897
101.771
102.25
102.25
101.492
101.161
100.768
100.768
100.927
102.442
101.183
102.002
102.002
102.526
101.699
102.223
102.223
102.093
100.742
102.016
101.304
101.304
101.877
101.05
101.55
101.55
101.87
101.341
101.384
101.384
100.618
101.469
101.312
101.312
102.054
101.388
101.668
101.492
101.492
100.494
100.967
100.939
100.939
100.532
100.637
100.498
100.489
100.489
102.163
100.983
100.96
100.96
101.616
101.624
101.082
101.001
101.001
102.064
102.283
102.838
102.838
101.573
102.13
102.448
101.107
101.107
101.724
102.143
102.379
102.27
102.27
102.81
102.81
102.48
101.728
102.402
101.75
99.8673
101.392
102.483
101.846
101.846
102.501
101.721
101.506
102.318
102.318
101.567
101.265
102.272
102.272
102.274
101.871
102.095
102.763
102.763
101.922
102.268
102.083
102.234
102.234
101.518
101.206
102.095
102.095
101.881
101.808
101.938
101.403
101.759
101.759
101.354
101.787
101.442
101.442
100.193
101.262
101.42
101.473
100.035
101.469
100.565
100.817
100.442
100.442
101.37
101.375
101.74
101.74
101.178
100.953
101.705
101.705
100.382
100.562
101.835
101.533
101.533
101.728
102.059
102.073
101.121
101.121
101.666
101.865
101.109
101.109
101.929
101.586
101.779
101.779
102.266
100.56
100.804
100.52
100.52
100.171
101.136
100.672
100.672
100.225
101.928
101.693
101.693
100.99
100.969
101.394
101.301
101.301
100.187
100.387
101.372
101.372
101.803
101.234
100.71
100.062
100.062
100.826
100.949
100.944
100.849
100.849
101.149
100.464
100.42
99.9466
99.9466
99.8681
100.711
100.047
100.047
100.695
101.869
102.16
100.413
100.413
102.19
100.471
99.5174
99.2404
100.655
101.902
101.88
99.8396
99.8396
100.518
101.128
100.323
100.326
100.326
100.348
100.755
100.765
100.422
101.879
101.625
100.822
101.522
101.026
101.026
101.433
100.361
100.39
100.39
100.439
99.6874
100.946
100.946
99.8967
101.496
101.212
100.634
100.634
100.383
100.547
101.217
99.7175
99.7175
101.433
100.86
100.297
98.8262
100.541
101.112
101.238
101.199
100.325
100.325
100.903
100.45
100.769
100.769
100.801
100.454
101.006
100.581
100.581
101.321
101.148
100.858
99.9926
101.646
102.022
101.671
99.8482
101.99
101.99
101.997
102.009
100.788
100.788
101.425
100.062
99.908
101.371
101.371
101.115
101.377
100.668
101.065
101.065
100.685
101.685
100.588
100.658
100.658
100.802
99.6854
100.228
100.228
100.144
100.618
100.64
100.852
100.852
100.674
102.169
100.927
101.518
101.518
101.658
100.896
100.426
100.426
100.594
100.374
38.9806
99.5006
99.5006
99.8587
101.102
100.354
100.354
100.534
100.646
100.837
100.269
100.269
102.148
101.461
101.044
98.8081
99.9053
100.176
100.274
100.688
99.5485
101.288
101.253
100.462
100.488
100.488
100.756
100.909
101.599
101.037
101.037
100.066
100.8
101.051
101.051
101.131
100.654
101.012
100.608
100.608
100.55
100.153
100.929
99.6677
101.129
101.468
100.634
100.59
101.812
101.812
100.393
100.336
101.797
101.797
102.126
101.711
100.682
98.9509
100.601
100.57
100.522
99.1774
100.885
100.521
100.584
101.185
101.185
101.622
101.636
102.019
101.382
101.382
101.426
101.742
101.805
101.805
101.633
101.581
101.584
98.9315
100.612
101.317
101.756
100.24
100.24
99.1213
100.744
99.839
100.253
100.253
100.244
99.973
99.2785
99.9206
99.9206
99.8033
100.367
99.8462
99.1289
99.1289
98.8815
98.9385
99.3107
99.3107
99.7299
99.7819
100.229
98.9099
98.9099
100.098
100.581
100.433
100.635
100.635
100.995
100.223
101.025
101.025
101.043
100.325
99.5983
99.5983
99.6773
100.64
101.184
100.583
100.583
100.875
99.9927
100.09
100.189
100.189
100.723
102.355
101.706
102.986
103.368
103.339
101.322
103.774
103.774
103.495
103.829
103.609
103.609
103.127
103.373
103.357
102.878
102.878
102.176
102.509
102.216
103.138
103.138
103.028
103.123
102.772
102.24
102.24
102.821
102.39
101.8
103.254
103.254
103.684
103.711
103.327
103.35
103.35
104.579
104.642
103.625
103.625
103.182
104.021
103.752
104.471
104.471
104.686
103.845
103.428
103.661
103.661
103.98
105.11
103.399
103.399
103.666
104.324
104.065
104.126
105.059
105.059
100.941
104.004
104.35
104.35
104.253
104.426
102.913
102.52
102.52
104.054
102.521
103.774
103.774
100.931
103.951
104.048
104.058
104.058
103.466
104.057
104.517
104.517
104.634
104.021
104.361
105.007
104.887
104.887
104.914
104.575
104.233
104.233
104.524
104.11
104.059
104.035
104.035
104.208
104.206
104.25
104.25
103.025
104.012
104.558
104.293
104.293
104.584
104.512
104.189
102.401
103.959
104.296
103.25
102.59
104.173
104.173
104.12
104.525
104.788
104.788
104.851
104.326
102.904
102.213
103.904
101.909
104.725
103.843
103.791
103.791
104.544
104.36
104.36
104.611
104.326
103.583
103.583
104.109
103.105
103.111
104.196
104.196
104.713
104.566
103.981
104.657
104.657
104.617
104.559
104.503
104.082
104.082
104.681
104.094
103.597
103.597
104.004
103.955
104.15
104.15
104.032
104.237
104.089
104.703
104.742
104.742
104.905
104.95
104.018
102.511
104.273
104.525
104.171
103.858
103.858
104.167
104.128
104.284
103.96
103.96
105.438
103.947
103.964
104.003
102.625
104.184
104.285
104.519
104.69
104.69
104.556
104.841
104.513
104.513
104.527
105.562
105.255
104.728
104.35
104.35
104.562
104.538
104.169
104.169
104.462
104.472
103.573
101.248
102.935
104.26
103.909
104.513
104.513
104.197
104.532
103.588
103.906
103.906
103.795
103.447
103.552
103.552
103.637
103.996
103.995
103.684
103.684
103.398
104.087
104.135
104.167
104.167
104.014
104.003
102.988
100.499
101.575
101.541
102.004
103.813
103.813
103.789
101.805
103.583
104.26
104.641
104.641
104.018
104.632
104.022
104.698
104.698
104.447
104.204
104.444
104.695
104.695
103.211
103.187
103.003
103.003
102.981
102.986
102.968
102.03
102.03
104.564
104.588
103.474
103.474
103.769
104.352
102.913
103.22
103.219
103.219
103.191
103.133
102.761
102.761
103.059
103.032
102.983
102.988
102.988
104.121
104.105
104.419
104.494
104.494
104.317
104.461
104.202
103.068
103.068
104.574
102.774
102.717
102.994
102.994
102.93
102.916
102.861
102.527
102.527
103.973
103.958
103.946
103.994
103.994
104.327
100.892
104.324
104.324
105.34
103.119
104.659
101.387
101.379
101.379
101.01
101.308
101.296
101.296
100.953
102.914
102.902
102.902
102.483
103.942
103.976
104.01
104.01
104.039
104.417
104.45
103.042
103.042
102.808
103.137
102.815
102.815
103.073
104.175
104.419
104.383
102.847
104.346
104.311
104.317
104.317
104.035
104.317
104.391
101.004
101.004
103.03
102.741
102.76
103.061
103.061
101.419
104.575
104.169
104.414
104.414
104.127
104.365
104.37
104.37
104.352
104.37
104.363
104.363
104.133
104.454
104.488
104.281
104.291
104.291
104.339
104.395
104.395
104.433
104.81
104.48
104.399
103.844
104.397
104.688
104.368
104.768
104.768
104.514
104.826
104.858
104.858
104.91
104.634
104.658
104.691
104.691
104.999
104.966
105.061
104.881
104.881
104.544
104.767
104.378
104.354
104.354
104.669
104.35
104.632
104.809
104.809
105.618
105.672
105.697
104.638
104.638
104.882
105.24
104.448
104.534
104.534
104.497
104.812
104.759
104.394
104.394
104.49
104.754
104.476
104.382
104.382
104.415
104.731
104.74
104.776
104.776
105.266
105.3
105.327
103.117
104.417
104.448
104.699
104.724
104.724
104.517
104.476
104.385
104.385
104.103
104.452
104.241
104.299
104.299
104.323
104.71
104.422
104.486
104.486
104.517
104.872
104.468
104.602
104.602
104.261
104.586
104.298
104.298
104.306
104.442
104.595
104.932
104.92
104.92
104.911
104.566
104.922
104.922
104.896
104.581
104.834
104.546
104.404
104.404
104.098
104.125
104.812
104.812
104.924
104.622
104.548
104.837
104.507
104.507
104.809
104.757
103.211
104.775
104.777
104.836
101.685
104.575
104.575
104.586
104.885
104.617
104.617
104.982
104.99
104.959
104.9
104.9
93.2111
104.776
104.789
104.789
104.487
104.511
104.488
104.802
104.802
104.559
104.576
104.91
104.952
104.952
104.951
104.649
104.695
105.022
101.385
102.827
102.455
102.44
104.881
104.881
102.732
104.825
104.421
104.438
104.438
104.473
104.49
104.566
104.953
104.953
102.502
104.67
102.871
101.412
102.871
105.009
104.944
104.944
104.943
104.837
104.783
104.758
104.758
104.426
105.181
105.181
105.191
105.012
105.012
105.034
105.161
105.48
105.48
104.787
105.111
104.787
104.787
104.749
105.242
105.242
105.507
104.878
103.579
105.417
105.081
105.183
105.699
105.699
105.244
103.645
105.333
105.877
106.186
106.186
105.947
105.183
105.253
105.253
105.468
105.108
105.108
104.776
104.964
104.964
104.865
105.026
104.843
102.919
104.198
104.864
103.978
105.378
105.054
105.054
105.455
105.201
106.255
106.255
106.017
105.523
105.112
105.124
105.124
106.178
106.177
104.727
104.727
105.012
105.042
105.042
105.097
104.518
104.604
104.502
104.502
104.506
104.528
104.556
104.556
105.695
105.869
106.193
105.623
105.623
106.093
105.788
105.038
105.038
105.802
105.304
105.034
105.47
105.47
105.964
105.721
106.332
106.08
106.08
104.954
105.378
105.637
105.466
105.466
105.951
106.181
105.619
105.305
105.305
105.582
105.303
105.372
105.384
105.459
105.459
105.431
105.739
105.735
105.481
105.481
105.813
105.812
105.783
105.729
105.729
105.641
105.628
105.294
105.294
105.273
105.726
105.711
105.563
105.563
105.304
105.412
105.398
105.699
105.699
105.721
105.498
102.501
104.311
104.022
104.232
103.394
105.141
105.141
105.135
105.197
105.156
105.156
102.002
101.961
101.653
103.772
105.444
105.769
105.764
105.868
105.868
105.61
105.256
105.446
105.541
105.541
105.988
104.705
104.698
104.698
104.993
102.524
102.536
104.943
104.943
102.849
105.016
104.735
105.055
105.055
105.083
105.111
102.967
102.978
102.978
104.775
102.755
102.403
102.403
102.666
102.309
102.624
102.615
103.271
103.271
102.603
104.781
102.704
101.249
102.369
102.415
102.406
103.08
103.08
101.779
101.794
104.837
104.356
104.356
104.001
101.164
103.303
104.497
104.497
103.811
104.462
101.874
104.847
104.847
104.564
103.452
103.452
101.957
102.31
102
102.013
102.013
102.279
104.139
102.459
101.919
100.484
102.166
102.16
101.825
101.416
101.416
101.496
101.555
102.248
102.775
102.775
102.786
102.808
101.642
100.201
101.992
102.006
102.415
104.077
100.424
101.474
101.744
104.332
104.266
104.266
104.239
104.198
103.983
102.648
104.226
104.517
104.008
103.053
104.263
104.263
102.639
103.247
102.264
101.655
101.655
102.451
102.627
102.487
100.359
101.727
100.984
102.487
102.325
102.325
102.854
102.701
101.082
102.403
102.403
102.938
103.045
103.063
103.063
103.016
103.08
102.157
101.763
103.648
102.069
103.103
102.092
102.412
102.412
103.803
103.2
103.555
102.528
102.528
103.346
103.863
102.663
103.327
103.327
103.601
103.894
103.432
103.432
104.046
103.39
103.133
103.569
103.616
103.616
103.521
103.004
103.004
102.297
103.16
102.419
104.187
104.187
103.466
103.275
103.495
103.465
103.465
101.953
101.197
100.679
100.354
100.354
101.564
102.253
103.203
103.094
103.094
100.803
103.062
103.813
103.036
103.036
103.594
103.656
103.443
101.886
103.4
103.392
102.16
102.046
102.046
101.817
102.8
102.878
102.878
102.507
102.846
102.502
101.938
101.938
101.282
102.036
101.917
101.917
101.315
102.415
101.228
101.536
101.536
101.529
101.221
101.108
101.229
101.229
101.465
102.227
102.33
101.718
101.718
102.483
102.932
102.833
101.338
101.338
102.269
102.023
103.185
103.185
100.765
99.6599
99.8865
99.552
99.552
100.329
101.944
101.787
101.787
102.572
102.124
103.272
102.197
104.136
104.677
103.527
104.458
104.458
104.508
104.399
104.523
104.166
104.166
103.297
103.224
103.154
105.372
105.372
103.407
103.951
102.689
101.436
102.751
102.884
102.205
101.752
102.549
102.118
101.136
101.38
101.38
103.121
102.135
101.178
103.062
103.062
101.874
103.31
107.196
107.196
104.678
106.007
106.728
103.757
103.165
105.186
105.577
103.821
103.821
101.473
102.262
102.521
102.841
102.287
102.287
102.425
95.2719
101.607
102.864
102.755
100.841
101.421
101.421
102.569
101.723
103.37
102.335
102.335
102.034
103.396
104.673
104.673
102.578
103.364
101.773
101.773
101.561
100.576
100.12
100.364
100.364
99.7473
100.876
102.294
101.186
101.186
100.839
100.076
101.368
101.368
100.372
103.113
102.395
103.373
102.195
102.195
102.23
103.768
103.768
105.424
105.151
99.9817
100.014
101.848
100.173
100.581
101.758
101.758
100.376
102.022
102.633
101.766
101.766
101.581
100.738
101.062
101.062
102.045
101.347
101.241
101.241
101.825
101.221
103.735
102.848
102.848
103.449
103.957
104.069
104.069
103.677
103.611
103.878
102.488
101.786
103.442
104.489
103.124
103.124
103.595
104.326
102.093
102.073
102.073
101.182
101.225
101.281
99.8205
101.038
101.298
101.517
101.805
101.805
101.791
101.776
101.639
101.639
101.493
101.413
101.31
101.242
101.242
101.205
102.451
103.255
100.862
102.085
102.437
101.603
100.481
100.481
102.865
101.832
101.429
101.667
101.667
101.433
101.286
103.759
103.759
103.738
103.221
102.119
102.119
101.938
101.701
104.56
104.856
104.856
104.965
104.997
104.718
104.718
104.5
104.576
104.944
104.944
104.927
104.506
104.458
104.789
104.426
104.426
102.944
102.84
103.11
103.11
102.752
102.73
102.8
102.8
102.799
102.522
102.843
102.865
102.865
102.454
102.658
102.149
102.406
102.406
102.016
102.26
102.205
102.188
102.188
102.191
101.979
102.127
102.127
102.531
102.263
102.668
102.394
102.427
102.427
102.401
102.626
102.568
102.568
102.138
102.427
102.406
102.345
102.346
102.346
102.345
102.039
102.039
102.386
102.167
102.259
102.302
102.302
102.714
102.428
102.413
102.413
102.319
102.492
102.413
102.413
102.018
102.358
103.335
102.027
102.027
102.325
102.292
102.391
102.476
102.476
102.219
102.606
102.636
102.636
102.339
102.653
102.607
102.45
102.45
102.399
102.344
102.3
103.286
103.286
103.193
103.192
103.167
102.878
102.878
102.873
103.198
102.864
103.117
103.117
103.106
102.703
102.851
102.851
102.144
103.033
102.641
102.371
102.371
102.169
101.688
101.851
101.851
101.713
101.373
103.647
103.578
103.578
100.416
100.349
102.165
103.029
104.001
102.817
105.513
102.577
102.577
102.904
103.731
102.98
103.407
103.407
103.782
104.937
102.269
102.269
102.323
103.67
103.698
103.749
103.749
103.772
102.584
102.578
102.578
101.484
103.721
103.182
103.743
103.743
102.644
102.362
102.614
103.241
103.241
102.657
103.935
103.613
103.613
103.66
102.816
102.853
102.853
103.808
102.885
102.933
103.905
103.905
103.521
103.845
104.104
104.104
103.246
103.246
105.04
105.859
105.01
105.01
107.095
104.043
104.094
104.094
101.833
101.942
102.636
102.636
102.636
102.695
102.007
102.209
100.017
102.543
102.162
102.1
101.676
100.72
102.446
102.609
102.064
100.609
102.353
103.355
102.094
102.953
102.953
102.213
102.72
102.025
102.542
102.542
102.449
102.164
101.62
102.647
103.819
103.034
106.829
101.111
101.111
104.164
104.141
102.994
102.994
104.132
107.813
107.616
106.695
106.695
106.078
108.202
107.663
107.663
106.664
109.159
108.648
110.695
110.695
111.865
110.193
109.023
109.639
109.639
109.694
109.886
110.003
107.835
107.835
108.772
108.63
108.072
108.072
109.547
110.481
110.343
110.68
110.327
110.327
108.479
108.153
108.453
110.271
110.271
110.545
110.386
110.407
110.197
110.197
110.005
110.098
106.767
106.767
106.445
106.46
108.619
108.622
108.622
108.69
111.722
106.931
107.185
107.185
106.811
107.07
106.741
107.011
107.011
106.682
106.969
106.668
106.668
106.964
106.752
107.048
109.164
109.164
109.217
109.236
109.271
109.319
109.319
108.53
110.947
110.947
110.565
110.799
110.561
110.561
110.285
110.522
110.522
109.059
108.755
108.755
109.158
110.414
110.644
110.644
111.172
111.503
111.503
111.532
111.54
111.429
111.429
109.141
108.885
109.164
109.154
108.473
108.473
108.836
109.091
107.856
109.691
111.451
106.421
105.853
107.102
107.102
106.56
107.445
107.055
107.055
106.915
108.257
106.451
105.892
105.892
106.741
106.588
107.462
106.731
106.731
107.43
106.744
107.482
107.321
107.321
107.261
107.556
107.348
107.348
107.524
106.417
107.873
106.914
106.914
105.138
104.812
105.4
104.174
105.253
105.526
106.081
106.348
106.348
106.054
105.79
105.095
104.218
104.218
104.235
103.954
105.237
104.337
103.024
104.306
104.255
105.159
105.115
105.115
104.778
104.487
106.498
105.729
105.729
106.255
104.942
105.267
106.417
106.417
106.632
105.894
106.665
106.665
107.347
107.747
107.242
106.889
106.889
107.739
107.112
107.758
106.353
106.353
106.512
106.018
106.326
106.539
106.539
106.295
106.904
107.136
107.023
107.023
107.373
107.048
