-0.014966
-0.0136054
-0.0122449
-0.0108844
-0.014966
-0.0231293
-0.0312925
-0.0326531
-0.0353741
-0.029932
-0.0312925
-0.0380952
-0.0394558
-0.0421769
-0.0394558
-0.0394558
-0.0353741
-0.0353741
-0.0353741
-0.0326531
-0.0312925
-0.0340136
-0.0340136
-0.029932
-0.0272109
-0.0217687
-0.0231293
-0.0244898
-0.0204082
-0.0176871
-0.0176871
-0.0176871
-0.0176871
-0.0190476
-0.0204082
-0.0217687
-0.0217687
-0.0244898
-0.0312925
-0.0285714
-0.0312925
-0.0244898
-0.0258503
-0.0244898
-0.0258503
-0.0231293
-0.00680272
0
0.00272109
0.00952381
0.00272109
0.00272109
0.00816327
0.00952381
0.0108844
0.0122449
0.0190476
0.0176871
0.0176871
0.0231293
0.0244898
0.0258503
0.0258503
0.029932
0.0312925
0.0326531
0.0272109
0.0258503
0.0272109
0.0326531
0.0326531
0.0353741
0.0353741
0.0340136
0.0353741
0.0367347
0.0367347
0.0380952
0.0353741
0.0380952
0.0394558
0.0394558
0.0408163
0.0435374
0.044898
0.044898
0.044898
0.0503401
0.0503401
0.0530612
0.0557823
0.0571429
0.0585034
0.0598639
0.0571429
0.0571429
0.0612245
0.0544218
0.0557823
0.0598639
0.0571429
0.0598639
0.0612245
0.0598639
0.0598639
0.0612245
0.0612245
0.0639456
0.0653061
0.0666667
0.0707483
0.0721088
0.077551
0.0761905
0.0802721
0.0789116
0.0816327
0.0857143
0.0843537
0.0870748
0.0870748
0.0884354
0.0884354
0.0897959
0.0884354
0.0857143
0.0829932
0.0843537
0.0829932
0.0816327
0.0748299
0.0748299
0.0748299
0.0734694
0.0721088
0.0734694
0.0721088
0.0693878
0.0639456
0.0639456
0.0585034
0.0571429
0.0557823
0.0585034
0.0571429
0.0571429
0.0557823
0.0571429
0.0585034
0.0612245
0.0598639
0.0612245
0.062585
0.0571429
0.0585034
0.0598639
0.0612245
0.0693878
0.0666667
0.0680272
0.0680272
0.0680272
0.0693878
0.0734694
0.077551
0.0816327
0.0829932
0.0952381
0.0952381
0.0938776
0.0938776
0.0952381
0.0979592
0.0993197
0.0938776
0.0843537
0.0843537
0.0884354
0.0870748
0.0911565
0.0979592
0.10068
0.103401
0.104762
0.102041
0.102041
0.103401
0.104762
0.103401
0.10068
0.0952381
0.0965986
0.0870748
0.0857143
0.0843537
0.0843537
0.0843537
0.0829932
0.0789116
0.0721088
0.0693878
0.0707483
0.0761905
0.0734694
0.0707483
0.0721088
0.0666667
0.0666667
0.0612245
0.062585
0.0653061
0.0707483
0.0721088
0.0721088
0.0721088
0.0829932
0.0843537
0.0843537
0.0843537
0.0884354
0.0897959
0.0897959
0.0897959
0.0911565
0.0911565
0.092517
0.0938776
0.0938776
0.092517
0.0938776
0.0938776
0.0952381
0.0952381
0.0952381
0.0965986
0.0952381
0.0952381
0.0938776
0.0952381
0.0952381
0.0952381
0.0952381
0.0952381
0.0952381
0.0952381
0.0965986
0.0965986
0.0952381
0.0952381
0.0952381
0.0952381
0.0938776
0.092517
0.0884354
0.0897959
0.0870748
0.0857143
0.0829932
0.0829932
0.0843537
0.0829932
0.0802721
0.077551
0.077551
0.077551
0.0761905
0.077551
0.0789116
0.0789116
0.0816327
0.0816327
0.0816327
0.0870748
0.0870748
0.0897959
0.0911565
0.0938776
0.0938776
0.0938776
0.0952381
0.0952381
0.0938776
0.0952381
0.0979592
0.0993197
0.0965986
0.0979592
0.10068
0.102041
0.103401
0.102041
0.102041
0.10068
0.102041
0.102041
0.104762
0.106122
0.106122
0.106122
0.106122
0.106122
0.103401
0.103401
0.104762
0.106122
0.10068
0.0993197
0.0993197
0.0965986
0.0965986
0.092517
0.0911565
0.0952381
0.0911565
0.0911565
0.0884354
0.0884354
0.0829932
0.0843537
0.0816327
0.0843537
0.0816327
0.0843537
0.0870748
0.0870748
0.092517
0.10068
0.10068
0.103401
0.104762
0.104762
0.103401
0.10068
0.10068
0.10068
0.10068
0.10068
0.106122
0.106122
0.111565
0.111565
0.110204
0.112925
0.114286
0.115646
0.114286
0.114286
0.112925
0.114286
0.117007
0.117007
0.115646
0.110204
0.111565
0.111565
0.111565
0.107483
0.107483
0.111565
0.112925
0.110204
0.104762
0.103401
0.103401
0.104762
0.10068
0.10068
0.0952381
0.0938776
0.0897959
0.0911565
0.0897959
0.0911565
0.0911565
0.0965986
0.0979592
0.0952381
0.0938776
0.102041
0.107483
0.107483
0.111565
0.107483
0.106122
0.106122
0.107483
0.107483
0.102041
0.102041
0.103401
0.102041
0.102041
0.0993197
0.10068
0.102041
0.102041
0.107483
0.106122
0.106122
0.107483
0.106122
0.107483
0.107483
0.107483
0.106122
0.107483
0.106122
0.104762
0.104762
0.107483
0.106122
0.106122
0.103401
0.102041
0.102041
0.102041
0.10068
0.102041
0.0965986
0.0911565
0.0911565
0.0897959
0.0897959
0.0884354
0.0843537
0.0857143
0.0843537
0.0843537
0.0829932
0.0829932
0.0843537
0.0870748
0.0870748
0.0884354
0.0897959
0.0952381
0.0965986
0.0965986
0.0979592
0.102041
0.0993197
0.104762
0.107483
0.107483
0.107483
0.107483
0.107483
0.107483
0.110204
0.111565
0.111565
0.111565
0.111565
0.111565
0.111565
0.117007
0.115646
0.110204
0.111565
0.108844
0.110204
0.108844
0.107483
0.107483
0.107483
0.107483
0.107483
0.104762
0.106122
0.106122
0.106122
0.104762
0.103401
0.10068
0.10068
0.0979592
0.0897959
0.0897959
0.0884354
0.0884354
0.0870748
0.0884354
0.0843537
0.0829932
0.0829932
0.0829932
0.0843537
0.0829932
0.0857143
0.0857143
0.0857143
0.0857143
0.0884354
0.0884354
0.0870748
0.0897959
0.0884354
0.0884354
0.0897959
0.0897959
0.092517
0.092517
0.092517
0.0938776
0.0952381
0.0979592
0.106122
0.108844
0.111565
0.110204
0.110204
0.110204
0.110204
0.110204
0.111565
0.112925
0.112925
0.111565
0.111565
0.112925
0.112925
0.112925
0.114286
0.114286
0.114286
0.114286
0.115646
0.114286
0.112925
0.112925
0.112925
0.117007
0.112925
0.114286
0.114286
0.114286
0.112925
0.112925
0.111565
0.111565
0.110204
0.110204
0.108844
0.102041
0.0979592
0.0965986
0.10068
0.0979592
0.0938776
0.0938776
0.0938776
0.0938776
0.092517
0.092517
0.0938776
0.0938776
0.0938776
0.0952381
0.0938776
0.0938776
0.0965986
0.0979592
0.103401
0.103401
0.104762
0.103401
0.108844
0.108844
0.110204
0.111565
0.112925
0.112925
0.114286
0.111565
0.111565
0.111565
0.115646
0.115646
0.114286
0.117007
0.114286
0.115646
0.115646
0.115646
0.115646
0.118367
0.117007
0.119728
0.119728
0.118367
0.115646
0.115646
0.119728
0.119728
0.119728
0.114286
0.111565
0.111565
0.108844
0.0938776
