82.8294
82.8294
82.8294
82.8294
82.8294
82.4441
81.7887
81.7887
81.7887
81.7663
81.7716
81.7105
81.7221
81.7008
81.6351
81.6179
81.7257
81.6183
81.5022
81.4043
81.4406
81.3211
81.3523
81.296
81.265
81.2662
81.2547
81.328
81.3477
81.4193
81.3461
81.2941
81.3734
81.3706
81.2422
81.2621
81.363
81.3168
81.4117
81.4602
81.4548
81.3864
81.4462
81.4211
81.1895
81.2465
81.1117
81.0267
81.1653
81.0212
80.9683
80.9209
80.9845
80.9771
80.8978
80.9523
80.9477
80.9624
81.0285
81.0443
81.0526
80.9806
81.0709
81.0499
81.1561
81.1438
81.1545
81.1539
81.1515
81.2447
81.213
81.3465
81.3683
81.3463
81.3265
81.1903
81.0749
81.0749
81.0623
81.0368
80.9912
80.875
80.8619
80.9371
80.8935
80.8668
80.9268
80.8415
80.8485
80.8485
81.0285
80.9523
80.9709
80.9412
80.9521
80.8783
81.0172
80.994
80.9828
81.1244
81.1142
81.0692
81.0772
80.9067
80.978
81.0189
80.9704
80.8487
80.9029
80.9551
81.0008
80.8596
81.0083
80.783
80.9931
81.0085
80.9765
80.9677
81.0785
81.0902
81.0665
81.1397
81.2189
81.1012
81.1386
81.0271
81.2334
81.1783
81.05
81.0315
80.9441
80.9593
80.8721
80.7819
80.7867
80.7116
80.79
80.8022
80.7283
80.6753
80.5814
80.6313
80.5999
80.5294
80.5971
80.5585
80.7714
80.6525
80.6419
80.6868
80.6713
80.7017
80.6784
80.7307
80.7744
80.7439
80.7368
80.6854
80.566
80.6472
80.6472
80.3916
80.4335
80.3076
80.2645
80.1527
80.2449
80.3284
80.3734
80.3657
80.3597
80.3597
80.3889
80.3563
80.3479
80.4446
80.3031
80.4199
80.4214
80.5181
80.495
80.6074
80.605
80.6001
80.5216
80.4048
80.4014
80.322
80.264
80.1837
80.1838
80.1497
80.1994
80.0542
80.0447
80.0061
80.1141
80.1133
80.1468
79.9831
80.0468
80.0396
80.1119
80.1242
80.061
80.0421
80.1818
80.207
80.3391
80.122
80.2891
80.3958
80.2772
80.2154
80.2225
80.0726
80.0248
80.0316
80.0226
79.9725
79.9891
79.8531
79.9836
79.7957
79.8447
80.0078
80.1351
80.2959
80.2655
80.1552
80.2584
80.3123
80.3528
80.2208
80.242
80.355
80.4213
80.3734
80.496
80.3453
80.3823
80.3815
80.3745
80.3237
80.2554
80.1459
80.0768
80.5367
80.0731
80.0216
79.9982
79.9703
80.0411
80.1197
80.1197
80.0358
80.1438
80.2006
80.1634
80.1989
80.2571
80.3605
80.4065
80.4215
80.5441
80.5441
80.6081
80.6123
80.4044
80.5211
80.4535
80.3602
80.3296
80.3044
80.2005
80.2347
80.2206
80.2035
80.1297
80.0429
80.1482
80.2286
80.2161
80.279
80.1797
80.246
80.3229
80.2626
80.2813
80.3005
80.3974
80.3994
80.4638
80.4705
80.5117
80.5305
80.5975
80.5539
80.4588
80.4297
80.4645
80.3913
80.479
80.3202
80.313
80.2514
80.2696
80.2633
80.3049
80.2104
80.231
80.3112
80.2377
80.3647
80.3406
80.5008
80.3933
80.5606
80.4799
80.5565
80.5706
80.5893
80.6117
80.66
80.6813
80.6945
80.5961
80.9998
80.4455
80.4407
80.4596
80.4151
80.4242
80.455
80.3908
80.4366
80.4416
80.4597
80.4595
80.5069
80.5199
80.4839
80.4773
80.502
80.4214
80.4723
80.4706
80.5897
80.5897
80.6529
80.3967
80.6783
80.5526
80.4745
80.3972
80.3944
80.3947
80.2938
80.1682
80.14
80.3758
80.2329
80.1727
80.179
80.1959
80.1591
80.2391
80.2629
80.2964
80.2594
80.1699
80.24
80.2942
80.3321
80.3092
80.3916
80.4938
80.527
80.479
80.5248
80.4844
80.5706
80.5265
80.4422
80.3321
80.4004
80.3226
80.3296
80.2798
80.2438
80.1366
80.1523
80.2299
80.283
80.4122
80.224
80.275
80.3433
80.3954
80.3459
80.3221
80.2316
80.2286
80.3468
80.2411
80.5049
80.5441
80.5896
80.6297
80.639
80.5819
80.3686
80.3953
80.4012
80.2841
80.3598
80.2933
80.3021
80.2874
80.2144
80.1505
80.1504
80.1594
80.5178
80.1454
80.2704
80.2772
80.2495
80.1188
80.1709
80.1709
80.2582
80.2497
80.1191
80.3396
80.3419
80.4311
80.3717
80.3559
79.9898
80.2585
80.1498
80.1498
80.068
80.0593
80.1048
79.9306
80.0385
79.9491
79.9577
80.0391
79.912
80.0381
80.051
80.0989
79.9704
80.0183
80.0428
80.0427
80.0584
80.2465
80.0765
80.0671
80.0741
80.0032
79.9617
79.8581
79.8606
79.7782
79.8696
79.7258
79.7448
79.7041
79.7557
79.821
79.7462
79.7483
79.83
79.8334
79.8865
79.8192
79.8638
79.8762
79.9241
79.9335
79.889
79.9551
79.8368
80.0283
79.9916
79.8987
79.8368
79.8204
79.7488
79.6891
79.7138
79.4916
79.5125
79.7179
79.4952
79.5875
79.7038
79.7263
79.6588
79.5049
79.7169
79.7394
79.7795
79.8246
79.7582
79.8626
79.7942
79.7942
79.9387
79.9727
80.0303
79.9371
79.8731
79.821
79.7606
79.7633
79.7118
79.6229
79.6388
79.6388
79.633
79.6937
79.7888
79.6998
79.6702
79.6656
79.6843
79.6977
79.7275
79.7826
79.6477
79.6372
79.8876
79.9223
79.9138
80.1151
79.9315
79.9971
79.9789
79.9302
80.0169
80.004
79.8297
79.8394
79.8768
79.7996
79.8307
79.8238
79.6755
79.7286
79.9354
79.7502
79.6894
79.8575
79.8198
79.8388
79.8753
79.8046
80.0547
79.9286
80.0427
79.8666
80.0391
79.9781
79.9044
79.7895
79.6904
79.7466
79.7096
79.7028
79.6879
79.6116
79.625
79.592
79.6343
79.5135
79.6882
79.7128
79.6962
79.8031
79.7419
79.7772
79.849
79.8175
79.9188
80.0157
80.0263
79.9952
80.129
80.0515
80.0406
80.1769
80.1225
79.9218
79.8395
79.8367
79.8825
79.9134
79.8301
79.8149
79.8469
79.8469
79.8195
79.7643
79.7851
79.9004
79.8375
79.8733
79.8701
79.8958
79.8478
79.827
80.0024
80.0024
80.0606
80.0959
80.0219
80.1268
80.1928
80.1003
80.0955
80.0666
79.9613
79.8469
79.9122
79.9471
79.8845
79.9144
79.9056
79.9431
79.8999
79.9091
79.9747
79.9886
79.9458
79.9993
80.0126
80.0696
80.0945
80.1707
80.2146
80.2618
80.2173
80.317
80.2164
80.1463
80.1582
80.0254
80.0248
79.9607
79.9369
79.939
79.9544
79.7638
79.8696
79.8327
79.9
79.9216
79.9172
79.9679
79.9676
79.9544
80.0171
80.0457
80.0814
80.044
80.1122
80.2131
80.124
80.2884
80.3255
80.1198
80.0735
80.1132
80.0235
80.13
80.0626
79.9584
79.9535
79.9295
79.9313
79.8907
79.8943
79.9961
79.9961
79.9491
79.8658
80.0124
79.9708
79.9749
79.9969
79.9746
80.1771
80.0109
79.9572
79.9572
80.1676
80.2794
80.1956
80.2114
80.17
80.0848
79.9774
80.0248
80.0045
79.8984
79.8731
79.8731
79.8788
79.916
79.8581
79.7626
79.8885
79.9322
79.9127
79.9206
79.8782
80.0344
80.0597
80.0616
79.9299
80.058
79.9026
80.2465
80.0902
80.056
79.9107
79.9935
79.8756
79.9018
79.8918
79.8832
79.8154
79.7975
79.801
79.7415
79.8234
79.8173
79.8555
79.6938
79.8724
79.8824
79.9409
79.9253
80.0611
80.0455
80.208
80.1842
80.1204
80.0796
80.1591
80.0392
80.2109
80.1215
80.029
80.0907
80.0758
80.0597
80.0578
80.1095
79.8505
79.9738
80.06
80.0001
80.1242
80.1515
80.1374
80.1819
80.1561
80.222
80.2216
80.3046
80.2877
80.278
80.3386
80.4616
80.4267
80.55
80.55
80.4231
80.4756
80.4675
80.4287
80.4013
80.5212
80.3355
80.3899
80.3045
80.3263
80.3309
80.3309
80.3008
80.3494
80.3888
80.4282
80.4514
80.4718
80.456
80.4107
80.3947
80.4131
80.4616
80.4067
80.6475
80.5101
80.5303
80.6009
80.5067
80.3373
80.3534
80.1343
80.1939
80.3094
80.2457
80.2318
80.0731
80.1715
80.2161
80.2039
80.2844
80.2903
80.2418
80.1653
80.2803
80.2553
80.2478
80.3251
80.2266
80.2156
80.3523
80.3309
80.2524
80.1049
80.1592
80.085
80.0833
80.052
80.0579
79.8978
79.9815
79.9443
79.8695
79.8917
79.9189
79.9498
79.9078
79.9475
79.9686
79.9313
80.0486
79.9523
79.91
79.9156
79.9882
80.0715
79.978
80.1339
80.1584
79.9556
80.055
80.055
79.9966
79.8787
79.9726
79.8319
79.8145
79.7171
79.7222
79.6424
79.66
79.6421
79.6893
79.6893
79.7026
79.7144
79.6609
79.6653
79.6511
79.7289
79.8004
79.6691
79.7891
79.8734
79.9879
79.9879
79.9809
79.9147
79.8625
79.7998
79.7846
79.7627
79.5751
79.5708
79.658
79.5314
